% -------------------------------------------------------------------
%  Generated by MATLAB on 24-Apr-2026 07:29:05
%  MATLAB version: 25.2.0.3150157 (R2025b) Update 4
% ===================================================== 
%  UTS Matematika Sains Data — Semester Genap 2025/2026 
%  Soal 4 — Segmentasi Pelanggan dan komposisi fungsi harga
%  --------------------------------------------------- 
%  Nama  : Abimanyu Daffa Saputra 
%  NIM   : 2510514032
%  Parameter: N=32, a=3, b=2, K=6, theta0=100, alpha=0,003 
%  Tanggal: <2026-4-24>
% -------------------------------------------------------------------
                                          

angles = [0.58177641733144325 2.676171519724639 4.7705666221178333];

k = [0 1 2];

r = 2;

roots = [1.6709756228258728 + 1.0990179561416122i -1.7872652806468248 + 0.89759836040092389i ...
         0.11628965782094997 - 1.9966163165425366i];

theta0 = 100;

