% -------------------------------------------------------------------
%  Generated by MATLAB on 25-Apr-2026 06:13:26
%  MATLAB version: 25.2.0.3150157 (R2025b) Update 4
% ===================================================== 
%  UTS Matematika Sains Data — Semester Genap 2025/2026 
%  Soal 7 — Forecasting Penjualan dengan barisan, Deret, dan Notasi Sigma
%  --------------------------------------------------- 
%  Nama  : Abimanyu Daffa Saputra 
%  NIM   : 2510514032
%  Parameter: N=32, a=3, b=2, K=6, theta0=100, alpha=0,003 
%  Tanggal: <2026-4-25>
% -------------------------------------------------------------------
                                             

K = 6;

S = [52 66 64 78 76 90 88 102 100 114 112 126];

S_pred = [129.09090909090907 135.25874125874125 141.42657342657341 147.5944055944056 ...
          153.76223776223776 159.93006993006992];

a = 3;

intercept = 48.909090909090892;

n = [1 2 3 4 5 6 7 8 9 10 11 12];

p = [6.1678321678321684 48.909090909090892];

slope = 6.1678321678321684;

t = [1 2 3 4 5 6 7 8 9 10 11 12];

t_pred = [13 14 15 16 17 18];

