% -------------------------------------------------------------------
%  Generated by MATLAB on 23-Apr-2026 10:49:14
%  MATLAB version: 25.2.0.3150157 (R2025b) Update 4
% ===================================================== 
%  UTS Matematika Sains Data — Semester Genap 2025/2026 
%  Soal 1 — Eksplorasi Awal dan Profil Data Transaksi 
%  --------------------------------------------------- 
%  Nama  : Abimanyu Daffa Saputra 
%  NIM   : 2510514032
%  Parameter: N=32, a=3, b=2, K=6, theta0=100, alpha=0,003 
%  Tanggal: <2026-4-23>
% -------------------------------------------------------------------
                                            

D = [27 34 39 46 51 58 58];

median_val = 46;

modus_val = 58;

rentang = 31;

rerata = 44.714285714285715;

std_dev = 11.054595498373203;

toko = [1 2 3 4 5 6 7];

