% -------------------------------------------------------------------
%  Generated by MATLAB on 23-Apr-2026 17:31:36
%  MATLAB version: 25.2.0.3150157 (R2025b) Update 4
% ===================================================== 
%  UTS Matematika Sains Data — Semester Genap 2025/2026 
%  Soal 3 — Segmentasi Pelanggan dan komposisi fungsi harga 
%  --------------------------------------------------- 
%  Nama  : Abimanyu Daffa Saputra 
%  NIM   : 2510514032
%  Parameter: N=32, a=3, b=2, K=6, theta0=100, alpha=0,003 
%  Tanggal: <2026-4-23>
% -------------------------------------------------------------------
                                                 

A = [32 34 36 39 42 45 47];

B = [35 37 39 42 44 50];

C = [33 39 42 43 49 52];

intersect_ABC = [39 42];

union_ABC = [32 33 34 35 36 37 39 42 43 44 45 47 49 50 52];

xor_AB = [32 34 35 36 37 44 45 47 50];

