% -------------------------------------------------------------------
%  Generated by MATLAB on 23-Apr-2026 12:55:56
%  MATLAB version: 25.2.0.3150157 (R2025b) Update 4
% ===================================================== 
%  UTS Matematika Sains Data — Semester Genap 2025/2026 
%  Soal 2 — Enkripsi Citra Logo Toko dengan Invers Matriks 3x3 
%  --------------------------------------------------- 
%  Nama  : Abimanyu Daffa Saputra 
%  NIM   : 2510514032
%  Parameter: N=32, a=3, b=2, K=6, theta0=100, alpha=0,003 
%  Tanggal: <2026-4-23>
% -------------------------------------------------------------------
                                              

A = ...
  [4 2 2;
   1 5 2;
   2 1 6];

E = ...
  [764 518 1224;
   644 287 750;
   692 709 1462];

N = 32;

P = ...
  [120 82 200;
   80 5 42;
   62 90 170];

P_prime = ...
  [119.99999999999999 82 200;
   80 5 42;
   62 90 170.00000000000003];

a = 3;

b = 2;

